cam0:
  T_cam_imu:
  - [0.014775003308605983, 0.9995401656811357, -0.0264793592701748, 0.0655352020836265]
  - [-0.9998892733916468, 0.014816731813735384, 0.0013803675904645388, -0.019901486335130645]
  - [0.0017720704149795236, 0.026456032364815238, 0.9996484072502474, -0.004912125881023275]
  - [0.0, 0.0, 0.0, 1.0]
  cam_overlaps: []
  camera_model: pinhole
  distortion_coeffs: [-0.2879529995338575, 0.0781311194952221, 0.00021265916642721963, -0.0001221450347654466]
  distortion_model: radtan
  intrinsics: [458.9432286546919, 457.5637533402653, 367.0272509347057, 249.3128033381081]
  resolution: [752, 480]
  rostopic: /cam0/image_raw
  timeshift_cam_imu: -5.3580886699517466e-05
